0
0
0
0
0
0
0
0
0
0.013219635
0
0.008820367
0
0
0
0
0
0.000135163
0
0.001406124
0
0
0
0.001021305
0.001919065
0
0
0
0
0.003204712
0
0.004356481
0
0.000419208
0
0
0
0
0
0
0
0.000399668
0
0
0
0.002482914
0
0.001529341
0
0
0.000457327
0.000278469
0.000137870
0.000391696
0
0
0
0.000154286
0
0.001091717
0
0
0
0.000399515
0.000776245
0
0
0
0
0.001256769
0
0.001572959
0.000641539
0
0.000943474
0
0
0.000702921
0
0.000194289
0
0.000339815
0.000401973
0.000416581
0.001378932
0.000754863
0
0.000070891
0
0.000033221
0
0.000213246
0
0.000116638
0.000036310
0.000096437
0.000112916
0.000156508
0
