0.500000000
1.732050808
3.674234614
6.474691495
9.985281374
14.452977414
19.675287861
25.759986531
32.716949460
40.596450510
49.165253058
58.853230612
69.306363297
80.670244114
92.911655302
106.050404829
120.084467447
135.089467557
150.881568334
167.641622399
185.287536149
203.930190663
223.347074052
243.812760299
265.133326317
287.302615033
310.491542358
334.634439920
359.603945904
385.530838063
412.261274651
440.204057448
468.904853281
498.569872491
529.122408375
560.618887731
593.038503566
626.389009017
660.675278835
695.916744342
732.078107544
769.190846459
807.174263085
846.188401061
886.167113639
927.059270680
968.713455344
1011.557182654
1055.182314726
1099.819290319
1145.418964319
1191.922290416
1239.361474729
1287.772720783
1337.094945276
1387.383229253
1438.618250640
1490.773335279
1543.830400976
1597.941830199
1652.909409898
1708.879681503
1765.802577927
1823.667960264
1882.441525304
1942.122700406
2002.874701749
2064.533483235
2127.100901551
2190.649906425
2255.001190975
2320.633883745
2387.072981838
2454.369689040
2522.674871841
2591.850152354
2662.046474566
2733.248357479
2805.355875981
2878.522829664
2952.569675286
3027.528488921
3103.465124431
3180.361442939
3258.211605713
3337.000750014
3416.720196758
3497.439018625
3579.091222723
3661.713699320
3745.291636241
3829.844338421
3915.309269620
4001.771675565
4089.154010060
4177.533599622
4266.822464156
4357.139163132
4448.350634331
